t,p,p_d,v,v_d,q,R,w,T_sp,q_sp,hover_throttle,fa,pwm
0.005,"[1.0, 0.0, 0.0]","[0, 0, 0]","[0.0, 0.0, 0.374846897157458]","[0, 0, 0]","[1.0, 0.0, 0.0, 0.0]","[[1.0, 0.0, 0.0], [0.0, 1.0, 0.0], [0.0, 0.0, 1.0]]","[0.0, -7.9874379431491604, 0.14993875886298322]",[9.81],"[0.9220337925653211, 0.0, -0.38710939715745796, 0.0]",[0.5],"[0.0, 0.0, 0.0]","[282.62055734056503, 49.52272205765753, 0.0, 49.52272205765753]"
0.01,"[1.0, 0.0, 0.00187423448578729]","[0, 0, 0]","[0.0, 0.0, 0.6864319172900923]","[0, 0, 0]","[0.9998006170008298, 0.0, -0.019964613459540925, 0.00037477215905887316]","[[1.0, 0.0, 0.0], [0.0, 1.0, 0.0], [0.0, 0.0, 1.0]]","[6.938893903907229e-19, -13.022827308593286, 0.20710032542769446]",[6.061531028425421],"[0.871309234888426, 0.0, -0.4907343652100857, 0.0]",[0.5],"[0.0, 0.0, 0.0]","[224.39673271783894, 104.33865624035421, 0.0, 104.33865624035421]"
0.015,"[1.0, 0.0, 0.005306394072237751]","[0, 0, 0]","[-0.013528758167028799, -5.071213021304365e-06, 0.9759977698952247]","[0, 0, 0]","[0.9986211894704067, 1.8638001400844216e-06, -0.05248737341235197, 0.0008919470323400529]","[[0.9992025475104798, -0.000749394871723589, -0.03992126571006418], [0.000749394871723589, 0.9999997190916575, -1.4964362582015984e-05], [0.03992126571006418, -1.4964362582015984e-05, 0.9992028284188222]]","[-0.008988855927026813, -16.895640356434846, 0.22645844618299693]",[3.323817867163948],"[0.8002838271052087, 0.0, -0.5996213772655545, 0.0]",[0.5],"[0.0, 0.0, 0.0]","[196.79464037014728, 120.70409823207046, 0.0, 120.33117123483444]"
0.02,"[0.9999323562091649, -2.5356065106521824e-08, 0.010186382921713874]","[0, 0, 0]","[-0.04804296325352482, -3.7124143913916834e-05, 1.2543734685004315]","[0, 0, 0]","[0.995515830560453, -1.2606593749394297e-05, -0.09458390257829037, 0.001454756909569242]","[[0.9944885601255277, -0.0017816300647078833, -0.10483000321361867], [0.001781238760812209, 0.9999984088540356, -9.735437452659553e-05], [0.10483000986326267, -8.990945327529066e-05, 0.9944901512575972]]","[-0.025429893538454235, -20.28360251920278, 0.23028102874085732]",[1.031092948877792],"[0.7069977597746161, -3.6356274259652985e-06, -0.7072157857828518, 0.0]",[0.5],"[0.0, 0.0, 0.0]","[184.06417801321183, 126.75318679398838, 0.0, 126.10297374097661]"
0.025,"[0.9996921413928973, -2.1097678467610602e-07, 0.01645825026421603]","[0, 0, 0]","[-0.10781888822143254, -0.00011650804518350044, 1.5170616317667829]","[0, 0, 0]","[0.9894472535520372, -5.650655300603328e-05, -0.14487942992522737, 0.002019908384349705]","[[0.9821035381107893, -0.0028940823045166897, -0.18831958134481017], [0.002898851827856837, 0.999995767046816, -0.00025009304432565096], [0.1883195079866927, -0.00030029329891351686, 0.9821077704282688]]","[-0.04759654207973818, -23.315106368451445, 0.2245741949105093]",[0.0],"[0.5977066431634042, -3.1288621951922035e-05, -0.8017148918034123, 0.0]",[0.5],"[0.0, 0.0, 0.0]","[174.11214343774714, 129.209368648472, 0.0, 128.34872208605702]"
0.030000000000000002,"[0.9991530469517902, -7.935170105936083e-07, 0.024043558423049945]","[0, 0, 0]","[-0.19210111104378075, -0.0002556938410875856, 1.749642848777197]","[0, 0, 0]","[0.9793390297319945, -0.00013761313663009528, -0.20220906749706127, 0.0025571328063081367]","[[0.9580117415093199, -0.003980812332269989, -0.2867013363475225], [0.004013558881016204, 0.9999918335542566, -0.0004734658430925201], [0.2867008797952817, -0.0006971068578105691, 0.9580198951831012]]","[-0.07401583719796818, -25.87962858899307, 0.20956620340664103]",[0.0],"[0.48649992942893483, -0.00011433815933929141, -0.8736806084562178, 0.0]",[0.5],"[0.0, 0.0, 0.0]","[160.14125703708038, 129.25442141089928, 0.0, 128.22836075956067]"
0.035,"[0.9981925413965713, -2.0719862160315365e-06, 0.032791772666935934]","[0, 0, 0]","[-0.2937259542430636, -0.00045188344996993434, 1.9361973450663847]","[0, 0, 0]","[0.9642387474976695, -0.000258784873249562, -0.26501765492495555, 0.0030353636671819513]","[[0.9182099081875598, -0.004952946674784693, -0.39606316772129935], [0.0050642531709179615, 0.9999868842688713, -0.0007646110490480359], [0.39606176014103434, -0.0013036907118708118, 0.9182229481691873]]","[-0.10367378115828015, -27.863395758800007, 0.18628190519491636]",[0.0],"[0.38682764536750824, -0.00029306704606508555, -0.9221519868715438, 0.0]",[0.5],"[0.0, 0.0, 0.0]","[140.8462697343077, 126.04840388425157, 0.0, 124.86641134494211]"
0.04,"[0.996723911625356, -4.331403465881208e-06, 0.042472759392267856]","[0, 0, 0]","[-0.4019874330992934, -0.0006869677903072779, 2.0692200564078282]","[0, 0, 0]","[0.9434901227453931, -0.0004196647038981737, -0.33138267674564614, 0.0034254512563724935]","[[0.8595128582909702, -0.005716465400809615, -0.5110821543116213], [0.005990795641764218, 0.9999814391955947, -0.0011097891177349467], [0.5110790122868138, -0.0021079107259489504, 0.8595311512169331]]","[-0.13615454111404215, -29.266958659327695, 0.1576932460474856]",[0.0],"[0.30478153150889065, -0.0006137369665260295, -0.9524220920253955, 0.0]",[0.5],"[0.0, 0.0, 0.0]","[118.4720600195544, 119.69704712011466, 0.0, 118.33247859196278]"
0.045,"[0.9947139744598595, -7.766242417417598e-06, 0.052818859674306995]","[0, 0, 0]","[-0.5050434515943639, -0.0009306129353750777, 2.1487801805670195]","[0, 0, 0]","[0.9167913667040816, -0.0006191713114362123, -0.3993488155900664, 0.0037054082852349323]","[[0.7803475756731616, -0.006185619626839599, -0.625315439798868], [0.006741898078493383, 0.9999761803304531, -0.0014783714068113138], [0.625309689634919, -0.0030621694187825017, 0.7803706908688538]]","[-0.17158460011689586, -30.164552693730947, 0.12767442695560843]",[0.0],"[0.23975423260287762, -0.0011284595214278404, -0.9708329591274256, 0.0]",[0.5],"[0.0, 0.0, 0.0]","[94.74143942347781, 110.31693088551647, 0.0, 108.69923941763015]"
0.049999999999999996,"[0.9921887572018877, -1.2419307094292986e-05, 0.0635627605771421]","[0, 0, 0]","[-0.5908681169209837, -0.0011444232722121403, 2.179553408279522]","[0, 0, 0]","[0.8841638452558863, -0.0008580396845345672, -0.467160186608136, 0.003862454980473539]","[[0.6810135868725017, -0.006299641992295524, -0.7322436814379614], [0.007288703311773123, 0.9999717731526537, -0.0018241989943012515], [0.7322345043079319, -0.004094802645643506, 0.6810402802273965]]","[-0.2098324089707772, -30.633233099134042, 0.09953852625192236]",[0.0],"[0.18960379158670995, -0.0018815834040969079, -0.9818588808275032, 0.0]",[0.5],"[0.0, 0.0, 0.0]","[68.4602370287376, 97.81930406216553, 0.0, 95.84434338377815]"
0.05499999999999999,"[0.9892344166172828, -1.814142345535369e-05, 0.0744605276185397]","[0, 0, 0]","[-0.6476289328383695, -0.0012881274060023884, 2.1692226523606526]","[0, 0, 0]","[0.8459087370723571, -0.0011389723134805551, -0.5333122591354473, 0.0038917274524691414]","[[0.5634928829795506, -0.00602840213703776, -0.8260989221631201], [0.007631770053615178, 0.9999686904188472, -0.002091475045166625], [0.8260856656045081, -0.0051260657126075485, 0.5635212476323025]]","[-0.24814973433748344, -30.70849020430966, 0.0750650240045311]",[0.0],"[0.15332561856249297, -0.0028484929136608915, -0.9881716150449524, 0.0]",[0.5],"[0.0, 0.0, 0.0]","[27.433028483128727, 81.76947911390545, 0.0, 79.39190425284153]"
0.05999999999999999,"[0.985996271953091, -2.458206048536563e-05, 0.08530664088034297]","[0, 0, 0]","[-0.6813908827498543, -0.0013713494395030412, 2.136305835757031]","[0, 0, 0]","[0.8026023737443108, -0.001460763720684871, -0.5965005339921907, 0.0037958894058419176]","[[0.4311257774265623, -0.005369236713505902, -0.9022758643205837], [0.00779894830388607, 0.9999671143990096, -0.00222407865671808], [0.9022581340413038, -0.0060779451817449485, 0.4311534739958292]]","[-0.2765691321274898, -30.70849020430966, 0.06009756172539432]",[0.0],"[0.1317242191655962, -0.0037905628627751316, -0.9912791542841992, 0.0]",[0.5],"[0.0, 0.0, 0.0]","[0.0, 62.32144541595796, 0.0, 59.99807147595799]"
0.06499999999999999,"[0.9825893175393418, -3.1438807682880836e-05, 0.09598817005912812]","[0, 0, 0]","[-0.7304765293258177, -0.0014832922655675373, 2.1020386877365804]","[0, 0, 0]","[0.7545860972646353, -0.0018085844552160751, -0.6561886547806433, 0.0036055754553678027]","[[0.2883454083412999, -0.004350487016349319, -0.957516578838826], [0.007835872374049098, 0.9999669147859418, -0.002183675255717509], [0.9574943992486988, -0.0068733249745225045, 0.2883699582327673]]","[-0.2897767980104609, -30.030557516008262, 0.0667094711637736]",[0.0],"[0.12009341949615132, -0.004549538766498184, -0.992752170630079, 0.0]",[0.5],"[0.0, 0.0, 0.0]","[0.0, 42.45850222660966, 82.3366679129898, 40.873558109091825]"
0.06999999999999999,"[0.9789369348927127, -3.885526901071852e-05, 0.10649836349781101]","[0, 0, 0]","[-0.7995351127622715, -0.0016229282814138506, 2.0626696016943358]","[0, 0, 0]","[0.7033403228404923, -0.0021878219757641617, -0.7108418696626176, 0.003382312254742153]","[[0.13880689832561083, -0.003067889021067463, -0.9903147141359547], [0.007814979423969139, 0.999967457695808, -0.0020024100442658376], [0.990288630185072, -0.007461340786805777, 0.13882635671887616]]","[-0.30146583831497903, -28.64756701756217, 0.09413550032660507]",[0.8071256598017907],"[0.10195705767991697, -0.005976730980832341, -0.9947708465149333, 0.0]",[0.5],"[0.0, 0.0, 0.0]","[0.0, 10.811586518415385, 117.60061642891554, 0.0]"
0.075,"[0.9749392593289014, -4.696991041778777e-05, 0.1168117115062827]","[0, 0, 0]","[-0.8922476642716685, -0.0017834240352843336, 2.0126366157334568]","[0, 0, 0]","[0.650761120531114, -0.002636202702026917, -0.759271377352549, 0.0031606919441312226]","[[-0.01061520740326899, -0.001647442258913081, -0.9999422999882489], [0.007868224113877716, 0.9999675467976277, -0.0017310115043844133], [0.9999127003999296, -0.00788614516339037, -0.010601900460886993]]","[-0.30146583831497903, -26.7932089908943, 0.13122266085996245]",[1.919854325745343],"[0.07486221516743413, -0.00923652442058076, -0.9971511095901426, 0.0]",[0.5],"[0.0, 0.0, 0.0]","[0.0, 0.0, 136.1748150969139, 0.0]"
0.08,"[0.970478021007543, -5.588703059420944e-05, 0.12687489458495]","[0, 0, 0]","[-1.1645297394005698, -0.002160500938904823, 1.9214311017024301]","[0, 0, 0]","[0.5985583227670235, -0.003156954314188312, -0.8010674977285972, 0.0029718628215505936]","[[-0.15300602888080533, -0.00011052434933602178, -0.9882252490755813], [0.00811689737552998, 0.9999661209234965, -0.0013685694029788652], [0.9881919201770076, -0.008230722300251615, -0.15299994806304623]]","[-0.30146583831497903, -24.912918587063473, 0.24143319247048467]",[2.57427951521514],"[0.0359404519993499, -0.02211546924710883, -0.9991091982011088, 0.0]",[0.5],"[0.0, 0.0, 0.0]","[134.7263184514311, 0.0, 192.2344530040978, 0.0]"
0.085,"[0.9646553723105401, -6.668953528873356e-05, 0.13648205009346215]","[0, 0, 0]","[-1.5994622125891804, -0.0026059067631095238, 1.7438328589371817]","[0, 0, 0]","[0.5476005052481359, -0.0038989261710482043, -0.8367257355157122, 0.002920368536575464]","[[-0.28343593577157206, 0.0015002005338986667, -0.9589899997975224], [0.008615533437742656, 0.9999624033416563, -0.000982082869399016], [0.9589524716568998, -0.008540567986809716, -0.28343820455539553]]","[0.14261036823593848, -24.912918587063473, 0.06002046729902688]",[1.1641946123980826],"[0.08980954254925377, -0.011374738142915612, 0.9958940010860965, 0.0]",[0.5],"[0.0, 0.0, 0.0]","[0.0, 207.68437654313303, 0.0, 218.1136454365454]"
0.09000000000000001,"[0.9566580612475942, -7.971906910428118e-05, 0.14520121438814806]","[0, 0, 0]","[-1.8270842893666954, -0.0027591575591697126, 1.5953663954576702]","[0, 0, 0]","[0.49452998644103413, -0.0036403028528512607, -0.869145748150196, 0.003536831662098673]","[[-0.40023697005339814, 0.0033262731641045696, -0.9164056436476772], [0.009723054308662505, 0.9999525396446469, -0.0006169871411037453], [0.9163600984424117, -0.009157202905868453, -0.40025031619919377]]","[-0.07062369470889182, -26.035202636255537, 0.00555754075688137]",[0.0],"[0.3025169152040654, -0.00401279008486699, 0.9531355693347883, 0.0]",[0.5],"[0.0, 0.0, 0.0]","[105.93790866314399, 142.45463206305664, 0.0, 134.7626861069953]"
0.09500000000000001,"[0.9475226398007608, -9.351485690012974e-05, 0.15317804636543642]","[0, 0, 0]","[-2.012878936039868, -0.003309750312246064, 1.4359078365894493]","[0, 0, 0]","[0.43703356681273714, -0.0035020767507889044, -0.8994310957234922, 0.0036195280088241522]","[[-0.5108536814115403, 0.0028297688652656507, -0.8596630203727772], [0.00982604612087316, 0.999948478033867, -0.002547566561148521], [0.8596115198192188, -0.00974852224299569, -0.5108551666648491]]","[-0.13031636451327788, -28.072789284968543, 0.0006110176887257302]",[0.0],"[0.4138270309568662, -0.002969089401033741, 0.9103506868001768, 0.0]",[0.5],"[0.0, 0.0, 0.0]","[142.74405937596867, 108.27292994846808, 0.0, 105.48033305589253]"
0.10000000000000002,"[0.9374582451205614, -0.00011006360846136005, 0.16035758554838367]","[0, 0, 0]","[-2.149798530845862, -0.003910586011019735, 1.2792332964544286]","[0, 0, 0]","[0.3729910943104938, -0.0033834839831480244, -0.9278219075819008, 0.0035641846583165907]","[[-0.6179787938747369, 0.0031360429867896165, -0.7861885114624294], [0.009463463930289712, 0.9999492689508499, -0.0034499818986586826], [0.7861378080028754, -0.009572082273255626, -0.6179771209918604]]","[-0.14725250315288335, -29.700404936339357, -0.003946831761866186]",[0.0],"[0.5021386933385883, -0.002762535706029255, 0.8647826900723025, 0.0]",[0.5],"[0.0, 0.0, 0.0]","[127.57804087580335, 96.75857229568904, 0.0, 95.87940303477086]"
0.10500000000000002,"[0.9267092524663321, -0.00012961653851645873, 0.16675375203065582]","[0, 0, 0]","[-2.240919869375421, -0.004449002098405755, 1.1351695239259476]","[0, 0, 0]","[0.3032633189491515, -0.0032380803893352003, -0.9528950089886274, 0.003460644434346344]","[[-0.7217323912023922, 0.0036197228549740604, -0.6921627359918551], [0.008937359399094777, 0.9999516972477146, -0.004089838430394071], [0.6921144985450375, -0.009137876004219713, -0.7217298803055635]]","[-0.15351560310374374, -30.73800077700019, -0.015101908412643094]",[0.0],"[0.5684184228577398, -0.0027285487600528817, 0.8227351041359446, 0.0]",[0.5],"[0.0, 0.0, 0.0]","[101.86244846167969, 89.48778612611167, 0.0, 89.13715760693798]"
0.11000000000000003,"[0.915504653119455, -0.0001518615490084875, 0.17242959965028556]","[0, 0, 0]","[-2.2938603110856834, -0.0048732080820554306, 1.0113737609668827]","[0, 0, 0]","[0.2293607625038925, -0.003043586534226282, -0.9733310526611099, 0.003322518661708641]","[[-0.8160417484306748, 0.004072128249677365, -0.5779786177617], [0.00827007431712849, 0.9999550775509825, -0.004631279606957899], [0.5779337943821908, -0.008559243630533713, -0.8160387666400883]]","[-0.1556234071130188, -31.248341457485903, -0.0313266204558547]",[0.0],"[0.6175666784277786, -0.0027401593759351643, 0.786513756537211, 0.0]",[0.5],"[0.0, 0.0, 0.0]","[71.43813270835909, 81.35367498323501, 0.0, 81.22402596021135]"
0.11500000000000003,"[0.9040353515640265, -0.00017622758941876466, 0.17748646845511998]","[0, 0, 0]","[-2.317971513266179, -0.005147075168074717, 0.9140069145647065]","[0, 0, 0]","[0.1528566513801031, -0.0027885390487091743, -0.9882394043288957, 0.0031540308345060658]","[[-0.8947687544092834, 0.0044007237430814805, -0.4465081295602541], [0.007448945397813107, 0.9999593949015028, -0.005071662516500669], [0.4464676800680202, -0.007863979829447549, -0.8947652029867513]]","[-0.15484211473476975, -31.31124468393026, -0.05041027924896845]",[0.0],"[0.6536183477482839, -0.002759135223782223, 0.756819293265982, 0.0]",[0.5],"[0.0, 0.0, 0.0]","[25.080515633525977, 71.28481162638337, 0.0, 71.3395913388313]"
0.12000000000000004,"[0.8924454939976956, -0.00020196296525913825, 0.18205650302794352]","[0, 0, 0]","[-2.3283702593168814, -0.005332288811430318, 0.8321484502282609]","[0, 0, 0]","[0.07526819933229724, -0.0024687233694347596, -0.9971558722028387, 0.002961436407331472]","[[-0.953254136357671, 0.0045472591534640614, -0.30213552249145126], [0.006475717520312819, 0.9999645522789378, -0.0053813816237978035], [0.3021003419388798, -0.007086368588711174, -0.9532497924367134]]","[-0.15145654518498036, -31.31124468393026, -0.06417727488715477]",[0.0],"[0.6790037271639083, -0.0027639113685273705, 0.73412962022484, 0.0]",[0.5],"[0.0, 0.0, 0.0]","[0.0, 58.52197076139553, 0.0, 58.81051570336318]"
0.12500000000000003,"[0.8808036427011111, -0.00022862440931628985, 0.18621724527908481]","[0, 0, 0]","[-2.3347572549375806, -0.005567750291896685, 0.7410361393378335]","[0, 0, 0]","[-0.0027792369765266734, -0.0020989993806007764, -0.999990135524166, 0.0027566098361442876]","[[-0.9886572071483974, 0.0044776000377186025, -0.1501228758431997], [0.005369207980986392, 0.9999702705986611, -0.0055343946821178784], [0.1500936319741362, -0.006277660132785543, -0.9886518561273578]]","[-0.14543898137307978, -30.880498243242485, -0.06396546486851161]",[0.0],"[0.6988855106077306, -0.002756588150259408, 0.715228246285297, 0.0]",[0.5],"[0.0, 0.0, 0.0]","[0.0, 45.504855562001104, 65.63127613324116, 46.16132058160369]"
0.13000000000000003,"[0.8691298564264232, -0.0002564631607757733, 0.189922425975774]","[0, 0, 0]","[-2.3344140290588253, -0.005909613973902851, 0.630110380401121]","[0, 0, 0]","[-0.07974275546033247, -0.001720144480943303, -0.9968107353644696, 0.0025479239988126716]","[[-0.9999757400868571, 0.004213279894117161, 0.005546846876944114], [0.0041826348061712836, 0.9999759906076232, -0.005524832520650895], [-0.005569991366298613, -0.005501498053881807, -0.9999693538880793]]","[-0.1372772584618035, -29.96238028094916, -0.05199180847528282]",[0.0],"[0.7200487189960221, -0.0027663941272040474, 0.6939179989996807, 0.0]",[0.5],"[0.0, 0.0, 0.0]","[0.0, 39.450818731720275, 95.81847224274273, 40.4720190714006]"
0.13500000000000004,"[0.857457786281129, -0.00028601123064528756, 0.1930729778777796]","[0, 0, 0]","[-2.322954962308302, -0.00629554729563082, 0.5098940054178933]","[0, 0, 0]","[-0.1539786847293097, -0.001368523615265378, -0.9880704546066528, 0.0023384878766168414]","[[-0.9872762681091168, 0.003835673930702118, 0.15896810382599733], [0.003022960009226793, 0.999981098372522, -0.005353934111219083], [-0.158985635015615, -0.0048052578684178735, -0.9872692020697799]]","[-0.12821576420453298, -28.932772639207265, -0.039641127852971844]",[0.7398248091121985],"[0.7447133814708674, -0.0028084023050333035, 0.6673785225302951, 0.0]",[0.5],"[0.0, 0.0, 0.0]","[0.0, 44.8894261697048, 101.46958370575366, 45.887640214093416]"
0.14000000000000004,"[0.8458430114695875, -0.00031748896712344165, 0.19562244790486907]","[0, 0, 0]","[-2.2990106122860663, -0.0066923646403421995, 0.38588381848518033]","[0, 0, 0]","[-0.2248604662631647, -0.0010493579152633505, -0.9743880801434142, 0.002130454014825934]","[[-0.9525773835842928, 0.0034245500763441994, 0.30427717748868066], [0.0019842409263566094, 0.999985317235131, -0.005042628491281022], [-0.3042899785922133, -0.004199734626082772, -0.9525701922469658]]","[-0.11946323628179276, -27.904917942950227, -0.03000396397124159]",[1.8103819181159404],"[0.7701923785055172, -0.002864387892048935, 0.6378052174245816, 0.0]",[0.5],"[0.0, 0.0, 0.0]","[0.0, 51.828755254577736, 101.38316903002377, 52.66635691279891]"
0.14500000000000005,"[0.8343479584081572, -0.00035095079032515265, 0.19755186699729496]","[0, 0, 0]","[-2.2629064449870175, -0.007073321669844023, 0.262774130729631]","[0, 0, 0]","[-0.2921261608353002, -0.0007586435244984224, -0.9563775539030591, 0.0019248392224286953]","[[-0.8988733391197556, 0.0030030734551254844, 0.4381982448270689], [0.001086853922621522, 0.9999887200273128, -0.00462369621488626], [-0.43820718726220315, -0.003679859774474022, -0.8988664637552057]]","[-0.11134136374025534, -26.916311083991324, -0.02341661513712818]",[2.7765156106141147],"[0.7953222776568885, -0.002924116603400361, 0.6061797787824575, 0.0]",[0.5],"[0.0, 0.0, 0.0]","[0.0, 57.05775778593543, 99.4287110928681, 57.765097151946776]"
0.15000000000000005,"[0.8230334261832222, -0.00038631739867437277, 0.19886573765094312]","[0, 0, 0]","[-2.2156154098696144, -0.007422440821139225, 0.1435346640718599]","[0, 0, 0]","[-0.3556772818238526, -0.0004907077313840736, -0.934607116425856, 0.0017228831836790441]","[[-0.8293234612312622, 0.0025756910610349928, 0.5587628857278886], [0.000326507491941795, 0.9999914389079413, -0.004124985294914616], [-0.5587687267951358, -0.0032385068138974745, -0.8293172022991923]]","[-0.10382928370991572, -25.968066229437113, -0.01934091994780751]",[3.663909305021165],"[0.819278610818862, -0.0029799185658765047, 0.5733878948321603, 0.0]",[0.5],"[0.0, 0.0, 0.0]","[0.0, 60.70205989329517, 97.37786476167012, 61.31770442207202]"
0.15500000000000005,"[0.8119553491338741, -0.0004234296027800689, 0.19958341097130242]","[0, 0, 0]","[-2.1584628441012734, -0.007729293288597181, 0.030270412925465534]","[0, 0, 0]","[-0.4154775391531789, -0.00024083618057805524, -0.9096021258748805, 0.0015261261582542925]","[[-0.7469868608006363, 0.0021428186910154605, 0.6648353466229578], [-0.00030834293966849045, 0.9999935817589156, -0.003569504952611013], [-0.6648387283513518, -0.002871370584336467, -0.7469814057358624]]","[-0.09681120117918732, -25.053766879199923, -0.017154943047919202]",[4.4878782680043185],"[0.8416735815768289, -0.0030278712137313964, 0.5399781607357341, 0.0]",[0.5],"[0.0, 0.0, 0.0]","[0.0, 63.16575111213533, 95.61900178506305, 63.71885858101595]"
0.16000000000000006,"[0.8011630349133677, -0.00046207606922305476, 0.19973476303592974]","[0, 0, 0]","[-2.092964156444733, -0.007987224529742288, -0.07551849268790425]","[0, 0, 0]","[-0.4715259075396557, -5.669417303593103e-06, -0.8818511965696489, 0.0013362617409434674]","[[-0.6547567129143057, 0.001706272485020348, 0.7558377706412008], [-0.0008300120776548055, 0.9999952258737665, -0.0029764592430939797], [-0.755839240826781, -0.0025762111485114958, -0.6547521707963357]]","[-0.09017098097606273, -24.166497238211647, -0.016326985968001317]",[5.259023675114628],"[0.86231231145714, -0.003065912508349775, 0.5063675322233204, 0.0]",[0.5],"[0.0, 0.0, 0.0]","[0.0, 64.77775724696156, 94.19499142673537, 65.2882840636628]"
0.16500000000000006,"[0.790698214131144, -0.0005020121918717662, 0.19935717057249022]","[0, 0, 0]","[-2.0207084184507256, -0.008192455286405696, -0.1728173683933674]","[0, 0, 0]","[-0.5238487915491269, 0.00021695670696619276, -0.851810461669584, 0.0011549513222186745]","[[-0.5553266369735237, 0.00127016322508383, 0.8316313564032192], [-0.0012501648953517248, 0.9999964287448351, -0.0023621145846410736], [-0.8316313867065208, -0.0023514214760838826, -0.5553230658469277]]","[-0.08381514710098568, -23.300430488907047, -0.01643805029776164]",[5.984905931680546],"[0.8811122798786806, -0.00309308370483313, 0.4728970110713205, 0.0]",[0.5],"[0.0, 0.0, 0.0]","[0.0, 65.77477221235885, 93.06270731633589, 66.25616196504643]"
0.17000000000000007,"[0.7805946720388904, -0.0005429744683037947, 0.19849308373052338]","[0, 0, 0]","[-1.943275334826703, -0.00834345289764559, -0.26101271324639796]","[0, 0, 0]","[-0.5724970891851152, 0.00042827927088800186, -0.8199060506006058, 0.0009836869183245229]","[[-0.45116479304461327, 0.0008404277234382676, 0.8924402630979024], [-0.001579651694331009, 0.9999972380344613, -0.0017402942204445355], [-0.89243926080016, -0.002194904255495408, -0.45116221935992523]]","[-0.0776751341728243, -22.451052735485725, -0.017169166146379807]",[6.670791182849896],"[0.8980658246927123, -0.003109130599245588, 0.43985009699432304, 0.0]",[0.5],"[0.0, 0.0, 0.0]","[0.0, 66.32471382991672, 92.16169233587902, 66.78598501109316]"
0.17500000000000007,"[0.7708782953647569, -0.0005846917327920226, 0.19718802016429138]","[0, 0, 0]","[-1.862178760799354, -0.008440435191424553, -0.3398214286007529]","[0, 0, 0]","[-0.6175443730151218, 0.0006288662210394254, -0.7865353605446544, 0.0008237096132047949]","[[-0.3444937989028728, 0.0004240182637247539, 0.9387884973336535], [-0.0018286133259163085, 0.9999976978738258, -0.0011226844405784714], [-0.9387868121627889, -0.0021034389843452897, -0.34449223046923405]]","[-0.07170412747747328, -21.61504434104359, -0.01828254476024443]",[7.320168509333784],"[0.9132169046402244, -0.0031142518733685387, 0.4074618835113251, 0.0]",[0.5],"[0.0, 0.0, 0.0]","[0.0, 66.54721325645488, 91.43349465278776, 66.99434050092287]"
0.18000000000000008,"[0.7615674015607602, -0.0006268939087491454, 0.19548891302128762]","[0, 0, 0]","[-1.7788299830020418, -0.008484968994049744, -0.40922952435180093]","[0, 0, 0]","[-0.6590851194056111, 0.0008188337258206919, -0.7520676019821414, 0.0006759720795038168]","[[-0.2372771037692724, 2.8103433466969592e-05, 0.9714420081698457], [-0.002006605513065364, 0.9999978520594979, -0.0005190478828479003], [-0.9714399361572389, -0.0020724590675766236, -0.23727653771966656]]","[-0.06587279456640531, -20.790086266812388, -0.019603832059585834]",[7.935185863654983],"[0.9266446406591929, -0.0031089294054190376, 0.3759255837204317, 0.0]",[0.5],"[0.0, 0.0, 0.0]","[0.0, 66.52785530464672, 90.82720265598847, 66.96468368137559]"
0.18500000000000008,"[0.7526732516457499, -0.0006693187537193941, 0.19344276539952862]","[0, 0, 0]","[-1.6945149916184759, -0.008479644091879696, -0.4694392057129769]","[0, 0, 0]","[-0.6972326918957652, 0.0009980183441226991, -0.7168439749954176, 0.0005411320900150001]","[[-0.1312122697788417, -0.0003405903557308754, 0.9913542375244553], [-0.0021226829106694048, 0.9999977451461545, 6.260884623311052e-05], [-0.9913520234895097, -0.002096115649590378, -0.1312126968796784]]","[-0.06016519660458203, -19.974666509768827, -0.02100716826425923]",[8.517030035857516],"[0.9384511694301461, -0.0030938127215118533, 0.34539807601959127, 0.0]",[0.5],"[0.0, 0.0, 0.0]","[0.0, 66.32793413469955, 90.3005956261398, 66.75680359480428]"
0.19000000000000009,"[0.7442006766876575, -0.0007117169741787926, 0.19109556937096372]","[0, 0, 0]","[-1.6103814618683518, -0.00842780735720169, -0.5208233421653821]","[0, 0, 0]","[-0.7321170414125029, 0.0011661076330070357, -0.6811777314553442, 0.0004195661360248621]","[[-0.02773115462233955, -0.0006762569062538405, 0.9996151888301361], [-0.002185436841423201, 0.9999974222708918, 0.0006158874764601857], [-0.9996130285911264, -0.0021675165900759087, -0.027732561055692218]]","[-0.05457528023071241, -19.16790851397581, -0.0224032155266947]",[9.06625212954799],"[0.9487526242341072, -0.003069641189147233, 0.3160048026721506, 0.0]",[0.5],"[0.0, 0.0, 0.0]","[0.0, 65.99130406882871, 89.81970807083587, 66.41348791053896]"
0.1950000000000001,"[0.7361487693783157, -0.000753856010964801, 0.1884914526601368]","[0, 0, 0]","[-1.5274325370350241, -0.008333344129355071, -0.5638862209549699]","[0, 0, 0]","[-0.7638821814891363, 0.0013227354616484179, -0.6453542951026724, 0.0003113949734728641]","[[0.07199344426721671, -0.0009743100678021921, 0.9974046293768819], [-0.0022029961405357836, 0.9999969283144916, 0.0011358563230254959], [-0.9974026723397869, -0.002279052757957096, 0.07199107672467814]]","[-0.04910403899797953, -18.36942681645334, -0.023729854917663752]",[9.583038098594375],"[0.957672471445423, -0.003037192690118109, 0.28784407740333734, 0.0]",[0.5],"[0.0, 0.0, 0.0]","[0.0, 65.54931066907524, 89.3578031020497, 65.9653283287385]"
0.2000000000000001,"[0.7285116066931406, -0.0007955227316115763, 0.18567202155536197]","[0, 0, 0]","[-1.4465255426246943, -0.008200496662975136, -0.5992295734567803]","[0, 0, 0]","[-0.7926835302766303, 0.001467548780458227, -0.6096315446643731, 0.00021651532563089039]","[[0.16703547365140664, -0.0012315278796364388, 0.9859501173391745], [-0.0021830041662012517, 0.9999963068081379, 0.0016189079327458753], [-0.9859484697664784, -0.0024227482671622578, 0.16703216832686268]]","[-0.043757306144242246, -17.57920930831244, -0.02494512529297017]",[10.067425941656078],"[0.9653366288890738, -0.0029972507152385094, 0.26099082246935174, 0.0]",[0.5],"[0.0, 0.0, 0.0]","[0.0, 65.02439134865033, 88.8941791199459, 65.4342326217692]"
0.2050000000000001,"[0.7212789789800171, -0.000836525214926452, 0.18267587368807808]","[0, 0, 0]","[-1.3683744464514955, -0.008033712211068732, -0.6275230789281377]","[0, 0, 0]","[-0.8186852163660372, 0.0016002521252886743, -0.5742403134320557, 0.00013463389105894977]","[[0.2566986657424888, -0.001446071794441955, 0.9664904054787051], [-0.0021325843251623084, 0.9999955988433817, 0.002062614351477843], [-0.9664891344914968, -0.0025905926411093206, 0.25669445210141517]]","[-0.03854408853537976, -16.79752329673984, -0.02602196708271426]",[10.519473221057833],"[0.9718699253628121, -0.0029505841084576908, 0.23549977118609022, 0.0]",[0.5],"[0.0, 0.0, 0.0]","[0.0, 64.43271232266032, 88.41300874716337, 64.8359976659828]"
0.2100000000000001,"[0.7144371067477596, -0.0008766937759817958, 0.1795382582934374]","[0, 0, 0]","[-1.2935552787132318, -0.007837515671001771, -0.6494787940228149]","[0, 0, 0]","[-0.8420574366794994, 0.0017206352638635466, -0.5393851207465669, 6.530123206095394e-05]","[[0.34049608860633945, -0.0016174130115285683, 0.940244541392788], [-0.0020583041164557595, 0.9999948421337019, 0.0024655810992638017], [-0.9402436796001068, -0.0027748299304648765, 0.3404910032451797]]","[-0.03347533671626503, -16.024841849106117, -0.026944372395588913]",[10.939379967263392],"[0.9773935641441207, -0.002897935362140786, 0.21140818986096416, 0.0]",[0.5],"[0.0, 0.0, 0.0]","[0.0, 63.78608631427152, 87.90230074541402, 64.18218074732927]"
0.2150000000000001,"[0.7079693303541935, -0.0009158813543368046, 0.1762908643233233]","[0, 0, 0]","[-1.2225139265110592, -0.007616403472719395, -0.6658291595103367]","[0, 0, 0]","[-0.8629739394923005, 0.0018285884040914013, -0.5052451246261349, 7.944116108740143e-06]","[[0.418127374505921, -0.0017461953429571606, 0.9083867290370384], [-0.0019661448952822008, 0.9999940703000758, 0.0028273024136183907], [-0.9083862795986277, -0.0029681924653787795, 0.4181214618630003]]","[-0.028563050207731304, -15.261786870743405, -0.02770459953671844]",[11.32757277538479],"[0.9820233361318832, -0.0028400145848026994, 0.18873818270176362, 0.0]",[0.5],"[0.0, 0.0, 0.0]","[0.0, 63.093345485504805, 87.35301817125217, 63.481439095523086]"
0.2200000000000001,"[0.7018567607216383, -0.0009539633717004015, 0.1729617185257716]","[0, 0, 0]","[-1.1555757987033326, -0.007374756512854425, -0.6773083689806888]","[0, 0, 0]","[-0.8816096883618461, 0.0019241084386620601, -0.47197526814579494, -3.810446063868866e-05]","[[0.48945472795682476, -0.0018340596218818434, 0.8720267802688254], [-0.0018614818825784185, 0.9999933124026791, 0.0031480208257105816], [-0.872026722162751, -0.0031640757294442014, 0.4894480406119396]]","[-0.023819630551744297, -14.509085649957736, -0.02830117094050559]",[11.684756145258268],"[0.9858683936407421, -0.002777497138667904, 0.1674986445612844, 0.0]",[0.5],"[0.0, 0.0, 0.0]","[0.0, 62.36130095335726, 86.75835526251457, 62.74046583469927]"
0.22500000000000012,"[0.6960788817281216, -0.0009908371542646736, 0.16957517668086816]","[0, 0, 0]","[-1.0929568812112251, -0.00711677053467903, -0.6846369469330686]","[0, 0, 0]","[-0.898138745863525, 0.002007298875080797, -0.43970758296418816, -7.357793303170645e-05]","[[0.5544786896135101, -0.0018834497158959664, 0.8321957914947975], [-0.0017490766692204842, 0.9999925927095328, 0.0034285940080215063], [-0.8321960847632546, -0.003356656555911522, 0.5544712881308425]]","[-0.019257411266185374, -13.767538014491198, -0.028737431425630133]",[12.011937003270951],"[0.9890304461618256, -0.0027110235643551224, 0.14768692195375185, 0.0]",[0.5],"[0.0, 0.0, 0.0]","[0.0, 61.595391079089964, 86.1131601711689, 61.96462212457706]"
0.23000000000000012,"[0.6906140973220655, -0.0010264210069380686, 0.1661519919462028]","[0, 0, 0]","[-1.034775711343052, -0.006846402568860288, -0.6885093899210966]","[0, 0, 0]","[-0.9127324009164784, 0.0020783654235491302, -0.4085526096643107, -9.925164226863181e-05]","[[0.6133144721401589, -0.0018974154582896768, 0.7898365388344714], [-0.0016330826883043678, 0.9999919306750279, 0.0036703713386624084], [-0.7898371296060801, -0.0035409602382909184, 0.6133064244700355]]","[-0.014888310452168855, -13.037991685063394, -0.029020495105379854]",[12.31042798481859],"[0.9916032770672507, -0.0026412008424024657, 0.12929023539153844, 0.0]",[0.5],"[0.0, 0.0, 0.0]","[0.0, 60.800099202274055, 85.41348426494517, 61.15834424791544]"
0.23500000000000013,"[0.6854402187653502, -0.0010606530197823701, 0.1627094449965973]","[0, 0, 0]","[-0.9810658159045504, -0.006567332032289211, -0.6895846943699472]","[0, 0, 0]","[-0.9255575507355139, 0.002137608685908886, -0.3786008947003065, -0.00011592113659479647]","[[0.6661695105711859, -0.0018794236147396386, 0.7457979960768352], [-0.0015170628557686315, 0.9999913410925554, 0.003875081960960219], [-0.7457988212015613, -0.003712883891110946, 0.6661608910672953]]","[-0.010723566530106938, -12.321323831968943, -0.02916045287990939]",[12.581834537276071],"[0.993672507721779, -0.002568604339328961, 0.11228690782837975, 0.0]",[0.5],"[0.0, 0.0, 0.0]","[0.0, 59.97920464206178, 84.6562374012955, 60.32538792842483]"
0.24000000000000013,"[0.6805348896858274, -0.001093489679943816, 0.15926152152474757]","[0, 0, 0]","[-0.9317881917016659, -0.006282934956981026, -0.6884795477200873]","[0, 0, 0]","[-0.9367753382205464, 0.002185414990474541, -0.3499245264223528, -0.00012438324852364122]","[[0.7133226981888351, -0.0018331844885388152, 0.7008333380221229], [-0.0014040177554781878, 0.9999908343827921, 0.004044735411580511], [-0.7008343291982367, -0.0038691840274626453, 0.7133135863224668]]","[-0.006773529717458688, -11.618427214816169, -0.029169748073866204]",[12.828030290864964],"[0.9953155550574522, -0.0024937799896563675, 0.09664743618968409, 0.0]",[0.5],"[0.0, 0.0, 0.0]","[0.0, 59.135917175518934, 83.8389299283319, 59.468958863564424]"
0.24500000000000013,"[0.675875948727319, -0.0011249043547287211, 0.15581912378614712]","[0, 0, 0]","[-0.886843459291505, -0.00599626967974832, -0.6857639112534588]","[0, 0, 0]","[-0.9465400377734856, 0.0022222461265536926, -0.3225786768894938, -0.00012541987398365892]","[[0.7551056206737993, -0.0017624989305656373, 0.6556007895238962], [-0.0012964222917468203, 0.9999904169802538, 0.004181535232377099], [-0.6556018768399599, -0.0040074362350390625, 0.7550960995388231]]","[-0.0030474912768832033, -10.930199603980135, -0.02906265601646253]",[13.051124489848991],"[0.9966017423456504, -0.0024172464045822887, 0.08233543631653073, 0.0]",[0.5],"[0.0, 0.0, 0.0]","[0.0, 58.27293409144914, 82.95948474020521, 58.59176761313939]"
0.2500000000000001,"[0.6714417314308615, -0.0011548857031274627, 0.15239030422987984]","[0, 0, 0]","[-0.8460833870892835, -0.005710072223728927, -0.6819586838801783]","[0, 0, 0]","[-0.9549981768524479, 0.0022486285244188876, -0.2966031212411046, -0.0001197843663220212]","[[0.7918859629721575, -0.0016711282949690629, 0.6106667085881469], [-0.0011962685659369094, 0.9999900917840165, 0.004287805419150821], [-0.6106678234434634, -0.004125974311129638, 0.791876117676753]]","[0.00044646051420671766, -10.257535445093106, -0.028854825078510997]",[13.253424618274238],"[0.9975925322848703, -0.002339496694435482, 0.0693084863828133, 0.0]",[0.5],"[0.0, 0.0, 0.0]","[0.0, 57.39244986051572, 82.01610566754731, 57.69603815603555]"
0.2550000000000001,"[0.667211314495415, -0.0011834360642461073, 0.14898051081047894]","[0, 0, 0]","[-0.808021266067425, -0.005416738615735681, -0.6756437160242453]","[0, 0, 0]","[-0.9622878767114115, 0.0022651422793849066, -0.27202371175969986, -0.00010819044818487998]","[[0.8240531482434804, -0.001562688180614755, 0.5665103413669152], [-0.0011051127748029307, 0.9999898586429296, 0.004365929116330895], [-0.5665114187690867, -0.004223815448622897, 0.8240430642795876]]","[0.0037015638943592765, -9.647224211517111, -0.027644747463302206]",[13.437396722545147],"[0.9983418578743903, -0.002260999861040331, 0.057518889901829684, 0.0]",[0.5],"[0.0, 0.0, 0.0]","[21.42551550505632, 56.49614112339377, 81.0071913500114, 56.783492281084214]"
0.2600000000000001,"[0.6631712081650779, -0.0012105197573247857, 0.14560229223035773]","[0, 0, 0]","[-0.7724665208577731, -0.005116676427161505, -0.6668316775654157]","[0, 0, 0]","[-0.9685669296799514, 0.002271767446225817, -0.24874270443568877, -9.37712218392567e-05]","[[0.8520061770706053, -0.0014405655343327876, 0.5235297498752806], [-0.001024124107675651, 0.9999897148505622, 0.004418298643541492], [-0.5235307301423141, -0.004300577174372705, 0.8519959387418599]]","[0.006730217633766722, -9.077499559828981, -0.025744874485286572]",[13.582702881019447],"[0.9989137719936185, -0.0021817402512449907, 0.04654584977156386, 0.0]",[0.5],"[0.0, 0.0, 0.0]","[28.009580219385043, 56.06289619084863, 80.50952180299835, 56.3323607414064]"
0.2650000000000001,"[0.659308875560789, -0.0012361031394605934, 0.14226813384253065]","[0, 0, 0]","[-0.7394837948684435, -0.004812251675538395, -0.6559023060500478]","[0, 0, 0]","[-0.9739611105174757, 0.002268768239632351, -0.2267037751862744, -7.87815413392485e-05]","[[0.8762541163939551, -0.001311818565704709, 0.48184748897830704], [-0.000948523747987963, 0.9999896605592565, 0.004447367455312679], [-0.48184834108394375, -0.004354067826038536, 0.8762438121253798]]","[0.009519132584629495, -8.536546578884066, -0.023552994823793385]",[13.690110146372257],"[0.9993385278798163, -0.0021017554589990712, 0.03630549984495749, 0.0]",[0.5],"[0.0, 0.0, 0.0]","[31.492024221303012, 55.98748078054684, 80.00798334544052, 56.235995178006135]"
0.27000000000000013,"[0.6556114565864468, -0.0012601643978382854, 0.1389886223122804]","[0, 0, 0]","[-0.7090924014936961, -0.004505647216327346, -0.6432061242531153]","[0, 0, 0]","[-0.9785765126294776, 0.0022567437861892004, -0.20587110502629796, -6.44411715534414e-05]","[[0.8972107842195197, -0.0011821369648768502, 0.44160096380373837], [-0.0008752163349126386, 0.9999896929682871, 0.0044551042140314094], [-0.44160167875197376, -0.004383663922685005, 0.897200502013932]]","[0.012060965523269978, -8.021101522792673, -0.021299981814195044]",[13.764187973219334],"[0.9996389902395155, -0.002021164641295223, 0.026791866049504582, 0.0]",[0.5],"[0.0, 0.0, 0.0]","[33.844472799079945, 56.09555421253844, 79.37190245900365, 56.321661301831675]"
0.27500000000000013,"[0.6520659945789783, -0.001282692633919922, 0.13577259169101483]","[0, 0, 0]","[-0.6812731082008202, -0.004198862010122729, -0.6290653577744023]","[0, 0, 0]","[-0.9825073452511148, 0.00223645813290713, -0.18621039751835472, -5.136810659822866e-05]","[[0.9152341679251731, -0.0010553179079050535, 0.40292096516119624], [-0.0008030754401909552, 0.9999898059096382, 0.004443326078768335], [-0.4029215468700501, -0.00439025977798075, 0.9152239904454693]]","[0.014359411890752051, -7.529088658411633, -0.019114637345056838]",[13.808809021266146],"[0.9998361843586072, -0.001940112428481828, 0.01799556642582421, 0.0]",[0.5],"[0.0, 0.0, 0.0]","[35.57113987565783, 56.280920078094404, 78.6475342007873, 56.48474509557134]"
0.28000000000000014,"[0.6486596290379741, -0.0013036869439705357, 0.13262726490214283]","[0, 0, 0]","[-0.655975303071281, -0.003893702861192176, -0.6137731820760685]","[0, 0, 0]","[-0.9858377895506255, 0.0022087277970046907, -0.167687127203223, -3.9821923235288516e-05]","[[0.9306513704347479, -0.0009338426000123923, 0.36590593688258755], [-0.0007319644318347846, 0.9999899912326748, 0.004413803636954543], [-0.36590639641306666, -0.004375542534756857, 0.9306413722221522]]","[0.016424227840342916, -7.058805477579791, -0.01706405034335715]",[13.827490936642963],"[0.9999492270288001, -0.00185876232033036, 0.009903957145604428, 0.0]",[0.5],"[0.0, 0.0, 0.0]","[36.90230623164344, 56.482079274760466, 77.87561886452276, 56.66456951831748]"
