t,p,p_d,v,v_d,q,R,w,fa,pwm
0.0,"[1.0, 0.0, 0.0]","[1.0, 0.0, 0.0]","[0.0, 0.0, 0.0]","[-0.0, 4.1887902047863905, 4.1887902047863905]","[1.0, 0.0, 0.0, 0.0]","[[1.0, 0.0, 0.0], [0.0, 1.0, 0.0], [0.0, 0.0, 1.0]]","[0.0, 0.0, 0.0]","[0.0, 0.0, 0.0]","[49.52272205765753, 49.52272205765753, 49.52272205765753, 49.52272205765753]"
0.005,"[1.0, 0.0, 0.0]","[0.9997806834748455, 0.02094241988335696, 0.020943568232491588]","[0.0, 0.0, 0.0]","[-0.08772340327192939, 4.187871533874076, 4.188560530761726]","[1.0, 0.0, 0.0, 0.0]","[[1.0, 0.0, 0.0], [0.0, 1.0, 0.0], [0.0, 0.0, 1.0]]","[0.0, 0.0, 0.0]","[0.0, 0.0, 0.0]","[50.266732981195105, 67.78418785559695, 49.82944306892954, 20.372081825861546]"
0.01,"[1.0, 0.0, 0.0]","[0.9991228300988584, 0.04187565372919963, 0.04188483976671392]","[0.0, 0.0, 0.0010471784116245697]","[-0.1754083281598981, 4.185115924096555, 4.187871533874076]","[1.0, 0.0, 0.0, 0.0]","[[1.0, 0.0, 0.0], [0.0, 1.0, 0.0], [0.0, 0.0, 1.0]]","[-0.41796744053232604, -0.004377104804307691, 4.661160346586258e-18]","[0.0, 0.0, 0.0]","[51.17125164796782, 67.52962877907815, 49.90682630217831, 23.429416205602468]"
0.015,"[1.0, 0.0, 5.2358920581228485e-06]","[0.9980267284282716, 0.06279051952931336, 0.06282151815625657]","[0.0, 0.0, 0.0030890614793790405]","[-0.26301631315783636, 4.180524584155351, 4.186723289679714]","[0.9999994540131335, -0.0010449180308189823, -1.0942756036164888e-05, 1.1652894504134816e-20]","[[0.9999999997605123, 2.2868566178060585e-08, -2.1885500123127615e-05], [2.2868566178107198e-08, 0.9999978162926179, 0.0020898349206149216], [2.1885500123127615e-05, -0.0020898349206149216, 0.9999978160531301]]","[-0.8190987624628014, -0.01715767317069294, 7.958078640513123e-19]","[0.0, 0.0, 0.0]","[51.97943924669976, 65.76100964540014, 49.991208725990006, 29.716471612788784]"
0.02,"[1.0, 0.0, 2.068119945501805e-05]","[0.9964928592495044, 0.0836778433323155, 0.08375130745839926]","[-1.138982938777188e-06, 0.00010876088305269273, 0.006081758465560335]","[-0.3505089305080533, 4.174099527963907, 4.185115924096555]","[0.9999952162746708, -0.0030926573319251943, -5.3836802617773246e-05, 2.24128633273825e-08]","[[0.9999999942031965, 2.8817205246573085e-07, -0.00010767322878520604], [3.778230769073328e-07, 0.9999808709412538, 0.006185285072590688], [0.00010767295152398165, -0.006185285077417235, 0.9999808651444522]]","[-1.1632429329096743, -0.03743178862227819, -1.3192040818479757e-05]","[0.0, 0.0, 0.0]","[52.66541057047282, 63.998428992335874, 50.08667589682385, 34.833021424685036]"
0.025,"[0.9999999943050853, 5.438044152634637e-07, 5.108999178281973e-05]","[0.9945218953682733, 0.10452846326765346, 0.10467191248588766]","[-6.8410658080986566e-06, 0.000436316845218982, 0.009988039475430775]","[-0.43784780305692084, 4.165843573764219, 4.18304961339035]","[0.9999819846197178, -0.00600072534818704, -0.00014741536969360477, 1.222784398403082e-07]","[[0.9999999565373877, 1.524645817370127e-06, -0.00029482689541798757], [2.013750765160984e-06, 0.9999279825905614, 0.012001234449624403], [0.00029482396038065363, -0.01200123452172729, 0.9999279391280088]]","[-1.4514888861011235, -0.06392882543857772, -6.68274850378358e-05]","[0.0, 0.0, 0.0]","[53.22976114725116, 62.41314552031098, 50.17833225929068, 39.00497268271653]"
0.030000000000000002,"[0.9999999600997563, 2.7253886413583737e-06, 0.0001010301891599736]","[0.9921147013144779, 0.12533323356430426, 0.12558103905862675]","[-2.2714635968053898e-05, 0.0010824669760342255, 0.014774465335238924]","[-0.5249946210883626, 4.155760342890661, 4.180524584155351]","[0.9999535898380183, -0.009629318626058075, -0.00030723397359471024, 3.793291161298331e-07]","[[0.9999998112142835, 5.158284626178538e-06, -0.0006144467349943056], [6.675530671794974e-06, 0.9998145524453083, 0.01925774322255615], [0.0006144321242706122, -0.019257743688727316, 0.999814363660167]]","[-1.6888901700771286, -0.09548306978554147, -0.00019785974024142772]","[0.0, 0.0, 0.0]","[53.67794189281169, 61.02802974559994, 50.254096613850756, 42.51809527785148]"
0.035,"[0.9999998465265765, 8.1377235215295e-06, 0.00017490251583616821]","[0.9892723329629883, 0.14608302856241162, 0.14647639425526338]","[-5.6321814003584445e-05, 0.0021357696761437383, 0.02040933451648587]","[-0.6119111591277603, 4.1438542581815465, 4.17754111328947]","[0.9999039181597466, -0.013851223996300533, -0.0005459320525972121, 8.860759600551928e-07]","[[0.9999994039148177, 1.3351672646075525e-05, -0.0010917837433550913], [1.689563594306091e-05, 0.9996162871860383, 0.027699785322943878], [0.0010917346504086896, -0.027699787257892947, 0.9996156911039965]]","[-1.880553368934466, -0.13106779172292368, -0.0004486860769693742]","[0.0, 0.0, 0.0]","[54.01757797193794, 59.84535021024002, 50.306289085736694, 45.547421746748896]"
0.04,"[0.9999995649175064, 1.8816571902248192e-05, 0.00027694918841859753]","[0.9859960370705049, 0.16676874671610228, 0.167355686664631]","[-0.0001169412231415723, 0.003673752476992094, 0.026861271533400562]","[-0.6985592927089118, 4.130130542039129, 4.174099527963907]","[0.9998275161503956, -0.018551948776623143, -0.0008735800505129455, 1.7364367135780067e-06]","[[0.9999984737097602, 2.8940950286213943e-05, -0.0017469231726957195], [3.588549911137016e-05, 0.9993116503871486, 0.037097494696328046], [0.0017467943155558628, -0.03709750076399393, 0.9993101241089698]]","[-2.031243200335472, -0.16978539256059214, -0.0008635103130301416]","[0.0, 0.0, 0.0]","[54.25771517467174, 58.8608603448831, 50.331024065089146, 48.20235362354245]"
0.045,"[0.9999989802113907, 3.718533428720866e-05, 0.00041125554608560037]","[0.9822872507286887, 0.18738131458572463, 0.18821662663702865]","[-0.0002153382379630628, 0.005763302144961704, 0.034098310728994816]","[-0.7849010150966805, 4.114595214138885, 4.170200205587276]","[0.9997199565946696, -0.023628871475275034, -0.0012980023333959033, 3.016485040770247e-06]","[[0.9999966303616866, 5.5309380032783205e-05, -0.002595420225079336], [6.737194120889242e-05, 0.9988833528474115, 0.04724450090047674], [0.0025951351205299946, -0.047244516562095225, 0.9988799832454949]]","[-2.1453565989045518, -0.21085415981411426, -0.0014854225849751047]","[0.0, 0.0, 0.0]","[54.408278129862815, 58.06584188700874, 50.32738111447216, 50.555462037829095]"
0.049999999999999996,"[0.9999979035202009, 6.600184501201718e-05, 0.0005817470997305745]","[0.9781476007338057, 0.20791169081775931, 0.20905692653530691]","[-0.00036354455482512935, 0.008461105530628165, 0.04208736817085175]","[-0.8708984539580068, 4.097255088789074, 4.165843573764219]","[0.9995780258008718, -0.028990333587366975, -0.0018250675345724665, 4.797818789588089e-06]","[[0.9999933382109505, 9.622704482576484e-05, -0.0036488729870568248], [0.00011541022176115201, 0.9983191210709483, 0.05795618331645135], [0.003648316625588017, -0.05795621834182459, 0.998312459373975]]","[-2.2269353241234238, -0.25359570373563217, -0.0023542040189903834]","[0.0, 0.0, 0.0]","[54.479613573512054, 57.44803348507977, 50.29663303519597, 52.657374177756374]"
0.05499999999999999,"[0.9999960857974268, 0.000108307372665158, 0.0007921839405848332]","[0.9735789028731603, 0.2283508701106557, 0.22987430098573317]","[-0.0005746474596414967, 0.011814118555080208, 0.05079401271172017]","[-0.9565138879739639, 4.078117771941774, 4.161030110248507]","[0.9993997806904046, -0.034554766383566096, -0.002458947999003053, 7.133472005660934e-06]","[[0.9999879070477036, 0.00015567836659373835, -0.004915437172782841], [0.00018419512802581305, 0.9976119361385816, 0.06906801680941484], [0.004914451190948203, -0.06906808697276169, 0.9975998433898308]]","[-2.279683073724084, -0.29742340377983545, -0.003504796052595833]","[0.0, 0.0, 0.0]","[54.48212504111004, 56.99253021569939, 50.241591339207694, 54.54485742388493]"
0.05999999999999999,"[0.9999932125601286, 0.00016737796544055903, 0.001046154004143434]","[0.9685831611286311, 0.24868988716485474, 0.25066646712860846]","[-0.0008625890853293421, 0.01586005716523218, 0.06018246092994506]","[-1.0417097633855763, 4.057191657856648, 4.155760342890661]","[0.9991845142346061, -0.040249861643992586, -0.0032023507412688667, 1.0056010151777317e-05]","[[0.9999794896972133, 0.0002376927293059343, -0.006400288045681729], [0.0002778839677805018, 0.9967598970730324, 0.08043401250378257], [0.006398669033612531, -0.08043414131526883, 0.9967393871747389]]","[-2.3069837766236314, -0.3418318486497554, -0.0049663370975723195]","[0.0, 0.0, 0.0]","[54.425998273622035, 56.68268637619597, 50.16607826622541, 56.24551817745892]"
0.06499999999999999,"[0.9999888996147019, 0.00024667825126671995, 0.0013470663087931593]","[0.9631625667976582, 0.26891982061526565, 0.2714311448686087]","[-0.0012419760779736459, 0.020627907907623883, 0.07021573278448104]","[-1.126448710466138, 4.034485925418949, 4.150034849580052]","[0.9989326595126738, -0.04601178739410112, -0.004056722247338526, 1.357734509460661e-05]","[[0.9999670856405274, 0.00034618837623396736, -0.008106034122707951], [0.0004004397900118743, 0.9957658304729116, 0.09192524414200652], [0.008103535251044474, -0.09192546446007814, 0.9957329168508161]]","[-2.3119206386007645, -0.38638723659648094, -0.0067616582039317025]","[0.0, 0.0, 0.0]","[54.321006396540575, 56.50095937900575, 50.07451515256023, 57.780691208810616]"
0.06999999999999999,"[0.999982689734312, 0.00034981779080483935, 0.0016981449727155645]","[0.9573194975320672, 0.28903179694447156, 0.2921660571248232]","[-0.001727900216743483, 0.026138456520511937, 0.08085591576928601]","[-1.2106935599128115, 4.010010534113352, 4.1438542581815465]","[0.9986456557333436, -0.051784449165578894, -0.005022429353203905, 1.7689807070291446e-05]","[[0.9999495497809258, 0.000484835777094383, -0.01003308662343938], [0.0005554991730204132, 0.9946367410233767, 0.10342845269588656], [0.010029422395779457, -0.10342880807911169, 0.9945862920560194]]","[-2.2972956520187777, -0.43071870341338275, -0.008907133971169694]","[0.0, 0.0, 0.0]","[54.1763799728876, 56.429643819353345, 49.97160970706136, 59.16729551665019]"
0.075,"[0.9999740502332283, 0.00048051007340739905, 0.0021024245515619947]","[0.9510565162951535, 0.3090169943749474, 0.31286893008046174]","[-0.002335770596216825, 0.03240483247720997, 0.09206449515388468]","[-1.2944073591503107, 3.9837762196554074, 4.137219246466637]","[0.9983257938536136, -0.05751879711064789, -0.0060989183603464845, 2.2368062798588134e-05]","[[0.9999256053890073, 0.0006569436674256135, -0.012179988195614307], [0.0007462661236270854, 0.9933831749572279, 0.11484472473200721], [0.012174841859350827, -0.11484527041596276, 0.993308782347556]]","[-2.2656492363012246, -0.4745105404385655, -0.011412797244473956]","[0.0, 0.0, 0.0]","[54.00072698199189, 56.45146698301941, 49.86212341733163, 60.419067594290034]"
0.08,"[0.9999623713802472, 0.000642534235793449, 0.002562747027331418]","[0.944376370237481, 0.32886664673858323, 0.33353749343220457]","[-0.003081157964549289, 0.03943306647547286, 0.10380271656465481]","[-1.3775533885395237, 3.955794489282486, 4.130130542039129]","[0.9979760547955498, -0.06317217892218253, -0.007284854476504751, 2.7571540881561742e-05]","[[0.9998938602701328, 0.0008653687856364107, -0.014543704169071284], [0.0009754317360108714, 0.9920185501000681, 0.12608824207787062], [0.014536737151816364, -0.12608904549652267, 0.9919124134109601]]","[-2.219279675858379, -0.517495256728407, -0.014282641218932916]","[0.0, 0.0, 0.0]","[53.80198953188571, 56.55003750164122, 49.75070179414013, 61.54740362995893]"
0.085,"[0.9999469655904245, 0.0008396995681708133, 0.003081760610154692]","[0.9372819894918915, 0.34857204732181524, 0.35416948063916665]","[-0.003979651722192731, 0.04722265687845451, 0.11603195472972123]","[-1.460095177483958, 3.9260776167063356, 4.122588922255347]","[0.997599949561487, -0.0687077380396333, -0.008578243586289903, 3.324710015728161e-05]","[[0.9998528252632094, 0.0011124488154540032, -0.017119879404114288], [0.0012451180372138825, 0.9905584912562151, 0.13708510160219678], [0.01711074207192155, -0.1370862424090915, 0.9904113209409029]]","[-2.1602620606431735, -0.5594474315863752, -0.017515047675787942]","[0.0, 0.0, 0.0]","[53.58742649155484, 56.710154524462546, 49.6417527779082, 62.561947837814195]"
0.09000000000000001,"[0.9999270673318136, 0.0010758128525630859, 0.0036619203838032985]","[0.9297764858882513, 0.368124552684678, 0.37476262917144926]","[-0.005046729939808132, 0.055767140307709503, 0.1287140687305798]","[-1.5419965204269506, 3.894638636729419, 4.114595214138885]","[0.9972013676380193, -0.07409385614421908, -0.00997653825520972, 3.9331744889339e-05]","[[0.9998009342749125, 0.0013999570410071376, -0.019903063666071766], [0.001556843720188092, 0.9890201978693873, 0.1477722045718648], [0.019891406703480836, -0.14777377415049492, 0.9888211383322443]]","[-2.090466491535877, -0.6001782974988589, -0.02110329376898605]","[0.0, 0.0, 0.0]","[53.36361363596281, 56.91799485152019, 49.539361490824625, 63.47101155921433]"
0.09500000000000001,"[0.9999018336821145, 0.0013546485541016335, 0.004305490727456197]","[0.9218631515885005, 0.387515586452103, 0.3953146807582524]","[-0.006297642570828358, 0.06505466107908499, 0.14181172963909422]","[-1.6232214927326227, 3.8614913395274226, 4.106150294289918]","[0.9967844378289088, -0.0793036385213588, -0.011476729753606335, 4.5755248732175154e-05]","[[0.99973656516124, 0.0017290766158041938, -0.022886908346537425], [0.0019115090953450862, 0.9874218616474619, 0.15809621524135023], [0.02287239411571378, -0.15809831572384828, 0.9871584351828728]]","[-2.011575374492653, -0.6395309898358307, -0.02503610146710742]","[0.0, 0.0, 0.0]","[53.13645506132041, 57.16120039815784, 49.4472321866542, 64.28187705578257]"
0.10000000000000002,"[0.9998703454692603, 0.0016799218594970584, 0.005014549375651668]","[0.9135454576426009, 0.40673664307580026, 0.41582338163551874]","[-0.007747307833814943, 0.0750685339873369, 0.15528871104177502]","[-1.7037344664436105, 3.826650264600427, 4.097255088789074]","[0.9963534039478446, -0.08431444052042568, -0.013075427757626806, 5.244259637083407e-05]","[[0.9996580608774585, 0.00210039203308721, -0.026064337245116097], [0.002309397470710984, 0.9857821447390035, 0.16801258821020792], [0.026046650572426316, -0.16801533104772898, 0.9854402166173655]]","[-1.9250996858070144, -0.6773763983921139, -0.029298203309844402]","[0.0, 0.0, 0.0]","[52.91120144963237, 57.42888927137333, 49.36865054189385, 65.0010212422368]"
0.10500000000000002,"[0.9998316089300913, 0.0020552645294337427, 0.005790992930860543]","[0.9048270524660195, 0.42577929156507277, 0.4362864827930852]","[-0.009410221539727792, 0.0857877950632347, 0.1691101367434894]","[-1.7835001259086654, 3.790130694395404, 4.087910573095877]","[0.9959125165296349, -0.08910743307989441, -0.014768929247295969, 5.931618817486973e-05]","[[0.9995637504209565, 0.0025138952806578827, -0.02942769401278201], [0.002750190217602602, 0.984119723703004, 0.17748466376701466], [0.02940655195970862, -0.17748816791336014, 0.9836834881976011]]","[-1.8323941418480083, -0.7136095566437083, -0.033870905690456726]","[0.0, 0.0, 0.0]","[52.69247222419092, 57.71161198762636, 49.30646129336893, 65.63428288531424]"
0.11000000000000003,"[0.9997845578223926, 0.0024842035047499163, 0.00663654361457799]","[0.8957117602394128, 0.4446351791849276, 0.4567017402213116]","[-0.011300378953176595, 0.09718773529800051, 0.1832426829836492]","[-1.8624834832732664, 3.7519486476028283, 4.078117771941774]","[0.9954659407935892, -0.09366720510723547, -0.016553277981643962, 6.629778043499974e-05]","[[0.9994519691853335, 0.0029690042030609534, -0.03296886873402636], [0.0032329929325539686, 0.9824529005840068, 0.18648283001598231], [0.032944029022833714, -0.18648721979833877, 0.981904887350923]]","[-1.734671248682097, -0.7481465070259726, -0.03873263667787307]","[0.0, 0.0, 0.0]","[52.48427976523102, 58.001271175877065, 49.26305767219581, 66.18698924352432]"
0.11500000000000003,"[0.9997280559276267, 0.0029701421812399187, 0.007552757029496236]","[0.8862035792312146, 0.4632960351198619, 0.47706691515716193]","[-0.013431208614338878, 0.10924041289216468, 0.19765473487529248]","[-1.9406498938264491, 3.7121208721303516, 4.067877759217769]","[0.9950176804404381, -0.09798140039905935, -0.01842431579166259, 7.331015332193038e-05]","[[0.9993210784264611, 0.0034645907279009687, -0.036679405988416396], [0.0037563703227454486, 0.9807992796029213, 0.19498375012392463], [0.03665067386247258, -0.19498915288158677, 0.9801203795268967]]","[-1.6330142399716192, -0.7809215841520674, -0.04385946973677488]","[0.0, 0.0, 0.0]","[52.29005468741451, 58.291019421725736, 49.24038015711169, 66.66405315436519]"
0.12000000000000004,"[0.999660899884555, 0.003516344245700742, 0.0085410307038727]","[0.8763066800438635, 0.4817536741017154, 0.4973797743297097]","[-0.015815517415445, 0.12191514027569889, 0.2123164985769037]","[-2.0179650711971204, 3.670664837756617, 4.057191657856648]","[0.9945715164222657, -0.10204038674695616, -0.02037772679684748, 8.027851216007887e-05]","[[0.999169483611907, 0.0039990168035979115, -0.040550596584015046], [0.0043183876898986034, 0.9791755060557842, 0.2029696525792924], [0.040517829982301905, -0.2029761961536462, 0.9783450154462493]]","[-1.5283889361972172, -0.8118850622716596, -0.0492256178786996]","[0.0, 0.0, 0.0]","[52.112671762729114, 58.57514632776699, 49.23992282846544, 67.07004825171782]"
0.12500000000000003,"[0.9995818222974777, 0.004125919947079237, 0.009602613196757218]","[0.8660254037844386, 0.5000000000000001, 0.5176380902050417]","[-0.01846544612524605, 0.13517894290493648, 0.2272000720115235]","[-2.0943951023931957, 3.6275987284684352, 4.04606063970985]","[0.9941309595433868, -0.10583695488648302, -0.022409075522639352, 8.713163633773652e-05]","[[0.9989956514845973, 0.004570176115796707, -0.0445735549977319], [0.004916657144752785, 0.9775970627768691, 0.21042768195406086], [0.04453666800947485, -0.2104354921117373, 0.9765927446291545]]","[-1.421654575680373, -0.8410011180813308, -0.054803895041507386]","[0.0, 0.0, 0.0]","[51.95447644748644, 58.84896272472929, 49.26274610735804, 67.40926774197652]"
0.13000000000000003,"[0.9994894950668515, 0.004801814661603919, 0.010738613556814835]","[0.8553642601605066, 0.5180270093731303, 0.5378396412305315]","[-0.021392434486811798, 0.14899698761916524, 0.24227947783667111]","[-2.169906462676956, 3.5829414344846877, 4.034485925418948]","[0.9936992155887153, -0.10936604499957768, -0.024513839775881466, 9.380279536916126e-05]","[[0.998798125720956, 0.005175539879726252, -0.04873928439420059], [0.005548386936439709, 0.9760781188043719, 0.2173493073228486], [0.048698249031242875, -0.21735850518963343, 0.9748762797211855]]","[-1.313573679307083, -0.8682460649707712, -0.060566143070138606]","[0.0, 0.0, 0.0]","[51.817312181177954, 59.10868740075947, 49.30949496979177, 67.68577062199476]"
0.13500000000000004,"[0.9993825328944174, 0.005546799599699745, 0.01195001094599819]","[0.844327925502015, 0.5358267949789968, 0.5579822120784587]","[-0.02460719497654273, 0.1633329790957865, 0.2575306629151385]","[-2.2444660302701074, 3.5367125439704536, 4.0224687842818]","[0.993279161603291, -0.11262449856418046, -0.026687439024507185, 0.00010023045425777042]","[[0.9985755411043385, 0.0058122052330499725, -0.053038730928506146], [0.006210432519339074, 0.9746314245540459, 0.22372978523136752], [0.052993577309899585, -0.22374048480791311, 0.9732070058429603]]","[-1.2048210174618241, -0.8936068197213445, -0.06648362374029144]","[0.0, 0.0, 0.0]","[51.70254870528408, 59.351339729358436, 49.38042188579063, 67.90341815271832]"
0.14000000000000004,"[0.9992594969195346, 0.006363464495178678, 0.013237664260573882]","[0.8329212407100994, 0.5533915492433442, 0.5780635938889434]","[-0.028119694302299797, 0.1781495236476583, 0.2729314688074078]","[-2.318041100882086, 3.488932334444992, 4.010010534113352]","[0.9928733319375528, -0.11561083345023972, -0.02892525892659742, 0.00010635879115536446]","[[0.9983266361676738, 0.006476944969825273, -0.05746282887219491], [0.006899348199246382, 0.9732682477534971, 0.22956767392048738], [0.05741364395823398, -0.22957997974278055, 0.9715949291699406]]","[-1.0959917505465047, -0.9170795674217047, -0.07252737597279484]","[0.0, 0.0, 0.0]","[51.611111635433026, 59.57464010912982, 49.475413794593834, 68.0659026569535]"
0.14500000000000005,"[0.9991188984480232, 0.007254212113416969, 0.01460232160461092]","[0.8211492091337039, 0.5707135676844318, 0.5980815845121735]","[-0.03193914173214502, 0.19340846023919508, 0.28846157786055676]","[-2.390599402055243, 3.43962176388735, 3.997112541101128]","[0.9924839127086872, -0.11832504028119344, -0.031222672562842963, 0.0001121380499643835]","[[0.9980502642861826, 0.007166257556185468, -0.06200253793934331], [0.007611438398554162, 0.9719983445350234, 0.23486439540015208], [0.06194946298222695, -0.23487840039861557, 0.9700486591209749]]","[-0.9876088145091516, -0.9386685948315892, -0.07866853884128842]","[0.0, 0.0, 0.0]","[51.54351344078411, 59.77691909180826, 49.59402242856859, 68.1767701862763]"
0.15000000000000005,"[0.9989592027393625, 0.008221254414612944, 0.016044629493913703]","[0.8090169943749473, 0.5877852522924732, 0.618033988749895]","[-0.03607398337807312, 0.20907115914671914, 0.3041024393577756]","[-2.462109107320609, 3.3888024615435057, 3.9837762196554074]","[0.992112743394442, -0.12076839820843707, -0.033575058845154854, 0.00011752474943300576]","[[0.9977454032229554, 0.007876416549813293, -0.06664887403247058], [0.008342807756120188, 0.9708299603642033, 0.23962384192309394], [0.06659210092951509, -0.23963962552460583, 0.9685754188354256]]","[-0.8801296208167775, -0.958385266549082, -0.08487864126263896]","[0.0, 0.0, 0.0]","[51.49988586673472, 59.95703537608491, 49.73549727225001, 68.23943823190787]"
0.15500000000000005,"[0.998778832822472, 0.00926661021034654, 0.01756514169070258]","[0.7965299180241961, 0.604599114862375, 0.6379186185961402]","[-0.040531901606992646, 0.22509878914797418, 0.31983717996128846]","[-2.5325388501580384, 3.3364967184390593, 3.970003032254124]","[0.9917613243613608, -0.12294330837841695, -0.035977818502317724, 0.00012248176876902687]","[[0.9974111631480614, 0.008603518707417341, -0.0713929344787196], [0.00908940943223531, 0.9697698558463718, 0.24385202342379872], [0.07133270122324557, -0.24386964993118518, 0.9671810790015677]]","[-0.7739521369050503, -0.9762471220859534, -0.09112985943882052]","[0.0, 0.0, 0.0]","[51.480013703771434, 60.11430239941414, 49.8988204130439, 68.25720939040642]"
0.16000000000000006,"[0.998576173314437, 0.01039210415608641, 0.019164327590509025]","[0.7836934573258397, 0.6211477802783105, 0.6577332934771666]","[-0.045319818809985854, 0.24145255449548939, 0.33565050236669336]","[-2.6018577377545964, 3.2827274776016586, 3.955794489282486]","[0.9914308292263309, -0.12485314350409402, -0.03842638798065763, 0.00012697832807433867]","[[0.9970467931665283, 0.009343530207593055, -0.07622591868650619], [0.009847091123979112, 0.9688233528673006, 0.24755675255455664], [0.07616250411283829, -0.24757626982855555, 0.9658702105278122]]","[-0.6694204088252925, -0.9922770753186823, -0.0973952432331811]","[0.0, 0.0, 0.0]","[51.483369675057226, 60.248422997812845, 50.082742523368694, 68.23328170496642]"
0.16500000000000006,"[0.9983495742203871, 0.011599366928563858, 0.02084258010234249]","[0.7705132427757891, 0.6374239897486899, 0.677475840490583]","[-0.05044390482680532, 0.25809390321246584, 0.3515285757190473]","[-2.6700353645551727, 3.2275183239974234, 3.9411521488673467]","[0.9911221210527791, -0.12650211208179385, -0.0409162515430858, 0.0001309898801299159]","[[0.9966516864026287, 0.010092330541678997, -0.08113914502282003], [0.010611638413002243, 0.9679943969609933, 0.25074736405855785], [0.08107286303682894, -0.2507688025180978, 0.9646461519970165]]","[-0.5668295829747004, -1.0065027007623382, -0.1036489127415652]","[0.0, 0.0, 0.0]","[51.50915010234442, 60.35943146914618, 50.28581922014434, 68.17075626448616]"
0.17000000000000007,"[0.998097354696253, 0.012889836444626187, 0.022600222980937727]","[0.7569950556517563, 0.6534206039901056, 0.6971440946436306]","[-0.055909587392381825, 0.27498470845466644, 0.36745892094498844]","[-2.7370418255993614, 3.1708934741858052, 3.9260776167063356]","[0.9908357714865064, -0.12789513591883325, -0.043442951802913576, 0.00013449792833855674]","[[0.996225383697914, 0.010845753733920566, -0.0861240645922333], [0.011378815168275248, 0.967285632237221, 0.25343446536098063], [0.08605525806893065, -0.2534578373090543, 0.9635110882939059]]","[-0.4664304787353579, -1.0189555937248191, -0.10986622637765249]","[0.0, 0.0, 0.0]","[51.5563109236477, 60.44764232624939, 50.50644708054596, 68.0726425398668]"
0.17500000000000007,"[0.9978178067592911, 0.014264759986899519, 0.02443751758566267]","[0.7431448254773941, 0.6691306063588583, 0.7167358990906008]","[-0.06172156504305611, 0.29208742481579647, 0.383430293750076]","[-2.802847729638764, 3.1128777656974003, 3.9105725458917795]","[0.9905720820380566, -0.12903773975536123, -0.04600209888882028, 0.00013748978401590656]","[[0.9957675759887651, 0.011599626646008769, -0.09117227249077628], [0.012144400812455165, 0.966698485630774, 0.2556297154246252], [0.0911013070069008, -0.25565501469918717, 0.9624661372333018]]","[-0.36843375877952717, -1.0296707936604037, -0.11602392184246615]","[0.0, 0.0, 0.0]","[51.62360358210118, 60.51360503168527, 50.74289865200456, 67.9418618593352]"
0.18000000000000008,"[0.9975091989340759, 0.0157251971109785, 0.02635466905441305]","[0.7289686274214113, 0.6845471059286888, 0.7362491053693562]","[-0.0678838219900576, 0.3093652215263564, 0.3994325676310371]","[-2.8674242120289635, 3.0534966461393878, 3.894638636729419]","[0.9903311068165367, -0.1299359518746325, -0.048589378403596416, 0.00013995827473777247]","[[0.9952781054360671, 0.012349804201477646, -0.09627551701122392], [0.01290422433399441, 0.9662332576442292, 0.2573456290993863], [0.09620277456462079, -0.2573728310416741, 0.9615114414335707]]","[-0.27301373888130887, -1.038686261979836, -0.12210023139533467]","[0.0, 0.0, 0.0]","[51.70961028487866, 60.55806404393844, 50.99335587551731, 67.78124936446046]"
0.18500000000000008,"[0.9971697798241256, 0.017272023218610284, 0.028351831892568236]","[0.7144726796328031, 0.6996633405133657, 0.7556815736369346]","[-0.07439964453467698, 0.32678209451650153, 0.4154566188695462]","[-2.930742947390511, 2.992776162033371, 3.878277636551953]","[0.9901126761126402, -0.13059621469892016, -0.051200558311100146, 0.00014190141411244393]","[[0.9947569653852407, 0.013092201434059952, -0.10142570719081631], [0.013654194989544111, 0.9658892171406045, 0.25859540438820217], [0.10135158004064226, -0.2586244661147129, 0.9606462630698904]]","[-0.18031187441556662, -1.0460424072165233, -0.12807497288912614]","[0.0, 0.0, 0.0]","[51.81277814204407, 60.58192356036142, 51.255941438252925, 67.59355474071165]"
0.19000000000000009,"[0.9967977816014522, 0.01890593369119279, 0.030429114986915966]","[0.6996633405133652, 0.7144726796328036, 0.7750311729042062]","[-0.08127163866231563, 0.3443029592914131, 0.431494215115087]","[-2.9927761620333726, 2.930742947390509, 3.8614913395274226]","[0.9899164203153548, -0.13102530446323937, -0.05383149486259609, 0.00014332204214736373]","[[0.9942042992393012, 0.013822822322336309, -0.10661491901762836], [0.014390329693995528, 0.9656646980982154, 0.2593927702504077], [0.10653980376079376, -0.2594236312095099, 0.9598690795023476]]","[-0.09043995639435573, -1.05178165182403, -0.13392961807560766]","[0.0, 0.0, 0.0]","[51.93145173328832, 60.58621640512286, 51.52874767727491, 67.38144197732449]"
0.1950000000000001,"[0.9963914234081406, 0.020627448487649854, 0.0325865860624914]","[0.6845471059286884, 0.7289686274214118, 0.7942957812695616]","[-0.08850174851024346, 0.3618937265118868, 0.44753790883429206]","[-3.0534966461393895, 2.8674242120289617, 3.84428158646246]","[0.9897417937270169, -0.1312302591460192, -0.056478137654671225, 0.00014422744430956863]","[[0.9936203983310087, 0.014537785422142875, -0.11183540054717679], [0.015108777139885338, 0.965557196565826, 0.2597518527619781], [0.11175969252760594, -0.2597844355517913, 0.9591776781030573]]","[-0.003483045928838982, -1.055948036017889, -0.13964733972544127]","[0.0, 0.0, 0.0]","[52.06390370974178, 60.572076574313684, 51.80986276424836, 67.14748837840057]"
0.2000000000000001,"[0.9959489146655893, 0.022436917120209288, 0.03482427560666286]","[0.6691306063588579, 0.7431448254773945, 0.8134732861516007]","[-0.09609127545591135, 0.3795213620913076, 0.46358093660572147]","[-3.1128777656974016, 2.802847729638762, 3.826650264600427]","[0.9895880979147704, -0.1312183139150155, -0.05913653389565853, 0.00014462895642482465]","[[0.9930056988825454, 0.015233346349349272, -0.11707957612576486], [0.015805838724916633, 0.965563466351531, 0.2596870576471191], [0.11700366425454345, -0.25972126906785475, 0.9585692489042164]]","[0.08049782757145288, -1.0585868550025905, -0.14521303913925016]","[0.0, 0.0, 0.0]","[52.20836311171762, 60.54071501141137, 52.09739400516348, 66.89418301896166]"
0.2050000000000001,"[0.9954684582883098, 0.024334523930665826, 0.03714218028969147]","[0.6534206039901052, 0.7569950556517567, 0.8325615845208028]","[-0.10404089761878782, 0.3971539335200439, 0.4796171249734967]","[-3.170893474185807, 2.7370418255993596, 3.808599307414451]","[0.9894545043030891, -0.13099684341843154, -0.0618028319454051, 0.00014454156170610276]","[[0.9923607781425301, 0.015905917199757532, -0.1223400498707884], [0.016477986396913957, 0.9656796122442879, 0.2592129673840127], [0.12226431191748334, -0.2592486996954017, 0.95804047395587]]","[0.16146318233959367, -1.0597443266701618, -0.1506133556491163]","[0.0, 0.0, 0.0]","[52.36304116469014, 60.49339824230086, 52.38948818482794, 66.62392481495623]"
0.2100000000000001,"[0.9949482538002158, 0.026320293598266046, 0.039540265914558954]","[0.6374239897486894, 0.7705132427757895, 0.8515585831301457]","[-0.11235068960890679, 0.41476064401572893, 0.49564080334044636]","[-3.227518323997425, 2.670035364555171, 3.790130694395404]","[0.9893400757719658, -0.1305733103158192, -0.06447328418380392, 0.00014398348543345535]","[[0.9916863497906209, 0.01655208302084637, -0.12760960851999187], [0.017121877550400955, 0.9659011798038495, 0.25834425126694976], [0.12753440691869644, -0.2583813836196463, 0.9575876125194466]]","[0.23939279502432675, -1.0594672874448425, -0.15583665972185087]","[0.0, 0.0, 0.0]","[52.52615439902303, 60.43142954907986, 52.684348969764194, 66.33902035423942]"
0.2150000000000001,"[0.9943865003521712, 0.02839409681834469, 0.04201846993126119]","[0.6211477802783101, 0.7836934573258401, 0.8704621987446554]","[-0.12102014238979207, 0.43231185597811894, 0.511646724180431]","[-3.28272747760166, 2.601857737754594, 3.771246450834825]","[0.9892437870788405, -0.12995521950134128, -0.06714424925631711, 0.0001429757921112668]","[[0.990983258699457, 0.017168615472617436, -0.13288122373066397], [0.01773436712881242, 0.9662232409645622, 0.2570955869758915], [0.13280690192887518, -0.25713398698478407, 0.9572065814323276]]","[0.31428358944580576, -1.0578029144030539, -0.16087303127502625]","[0.0, 0.0, 0.0]","[52.69594501887684, 60.35613240564946, 52.980251453331455, 66.04168161585963]"
0.2200000000000001,"[0.9937813996402223, 0.030555656098235285, 0.044576703552163345]","[0.6045991148623746, 0.7965299180241965, 0.8892703583698554]","[-0.1300481831524769, 0.4497791051045214, 0.5276299906786163]","[-3.336496718439061, 2.5325388501580366, 3.7519486476028283]","[0.9891645439696751, -0.12915007752389748, -0.06981219373935292, 0.0001415419892941164]","[[0.9902524751423288, 0.01775248383251622, -0.13814805388519977], [0.01831251710168692, 0.9666404748828732, 0.2554815923615909], [0.1380749332496389, -0.2555211177887063, 0.9568930301617408]]","[0.38614768861403403, -1.05479847214048, -0.16571422480328254]","[0.0, 0.0, 0.0]","[52.87069851853005, 60.26883593589825, 53.27555398263733, 65.73402368722374]"
0.22500000000000012,"[0.9931311587244599, 0.032804551623757894, 0.047214853505556424]","[0.5877852522924728, 0.8090169943749477, 0.9079809994790939]","[-0.13943319512137214, 0.46713510639961325, 0.5435859917655594]","[-3.388802461543507, 2.4621091073206074, 3.732239400921003]","[0.9891012008860655, -0.1281653567549625, -0.07247369326446122, 0.0001397076416900508]","[[0.9894950885327674, 0.01830086351284161, -0.1434034454405311], [0.01885360349751597, 0.967147243619296, 0.2535167662991077], [0.1433318227215767, -0.2535572668141899, 0.956642410224964]]","[0.4550106171184612, -1.050501083108519, -0.17035362288565556]","[0.0, 0.0, 0.0]","[53.04875860745486, 60.17086218752727, 53.56870744847387, 65.41806257265992]"
0.23000000000000012,"[0.992433992748853, 0.03514022715575596, 0.04993278346438422]","[0.5707135676844314, 0.8211492091337043, 0.9265920702397239]","[-0.14917303723223124, 0.48435375319449, 0.5595103443936964]","[-3.439621763887352, 2.390599402055241, 3.7121208721303516]","[0.9890525772113183, -0.12700846389627862, -0.07512543313756923, 0.0001374999986128963]","[[0.9887123007792861, 0.018811142268701234, -0.14864093384487798], [0.019355121180679783, 0.9677376623849163, 0.2512154375946257], [0.14857107919043971, -0.2512567565824345, 0.9564500387892008]]","[0.5209096425554662, -1.0449575203177026, -0.17478617960497286]","[0.0, 0.0, 0.0]","[53.228539557446005, 60.063515041890824, 53.8582622480355, 65.09571317241748]"
0.23500000000000013,"[0.9916881275626919, 0.03756199592172841, 0.0527303351863527]","[0.5533915492433437, 0.8329212407100998, 0.9451015297381085]","[-0.15926506363792284, 0.5014101101759938, 0.5753988428106853]","[-3.488932334444993, 2.3180411008820836, 3.691595267454271]","[0.9890174720293672, -0.12568671245628468, -0.07776420848762139, 0.00013494763735811928]","[[0.9879054193348578, 0.01928092428083596, -0.1538542440353705], [0.01981478656546101, 0.9684056642021327, 0.24859172104998045], [0.15378639953579737, -0.24863369743480618, 0.95631115638045]]","[0.5838922459792864, -1.0382140214217455, -0.17900835535860551]","[0.0, 0.0, 0.0]","[53.40853612548554, 59.94807060323705, 54.14287314712918, 64.76878749804898]"
0.24000000000000013,"[0.9908918022445022, 0.04006904647260838, 0.05560732940040613]","[0.5358267949789962, 0.8443279255020153, 0.963507348203431]","[-0.16970614300967612, 0.5182804013201684, 0.5912474145105725]","[-3.536712543970455, 2.2444660302701047, 3.670664837756617]","[0.9889946773966589, -0.12420729885682977, -0.0803869239777807, 0.00013208012461604973]","[[0.9870758500164625, 0.019708032300908604, -0.15903729052365242], [0.020230538461849246, 0.9691450589310617, 0.24565947989656856], [0.15897166926160747, -0.2457019499563145, 0.9562209787281615]]","[0.6440147124709595, -1.0303161232658626, -0.18301804447725492]","[0.0, 0.0, 0.0]","[53.58733123514885, 59.825768930032595, 54.42130227567327, 64.4389931783507]"
0.24500000000000013,"[0.9900432715294538, 0.042660448479209225, 0.05856356647295899]","[0.5180270093731297, 0.8553642601605069, 0.9818075072302821]","[-0.18049267761042379, 0.5349419935239913, 0.6070520824884462]","[-3.582941434484689, 2.1699064626769538, 3.6493318782948694]","[0.9889829901491023, -0.12257728186076836, -0.08299059311160024, 0.0001289276976095349]","[[0.9862250896652672, 0.020090508047476092, -0.1641841770729749], [0.02060053724705576, 0.969949586698549, 0.24243229390583776], [0.1641209626460567, -0.24247509305021026, 0.9561747428532211]]","[0.701340833847947, -1.0213085160183986, -0.18681449699650177]","[0.0, 0.0, 0.0]","[53.76360161813655, 59.69780698723586, 54.69242048932889, 64.10793229943135]"
0.2500000000000001,"[0.9891408081414017, 0.04533515844682918, 0.06159882688540122]","[0.4999999999999997, 0.8660254037844388, 1.0000000000000002]","[-0.19162062212332462, 0.5513733766378486, 0.6228089333847942]","[-3.627598728468436, 2.094395102393194, 3.6275987284684352]","[0.9889812222842229, -0.12080356503687929, -0.08557233716612052, 0.00012552096624879498]","[[0.9853547187128299, 0.020426611039164346, -0.16928919596895445], [0.020923162553656467, 0.9708129658377352, 0.2389234325680385], [0.16922854244811555, -0.23896639705781952, 0.9561677475726168]]","[0.7559407163102677, -1.0112349160156118, -0.19039823584621873]","[0.0, 0.0, 0.0]","[53.93612162719349, 59.56533271190556, 54.95520732291612, 63.77710061295729]"
0.2550000000000001,"[0.9881827050307851, 0.04809202533001842, 0.06471287155232519]","[0.48175367410171493, 0.8763066800438638, 1.0180828315007429]","[-0.20308550222296287, 0.5675541405177178, 0.638514091079982]","[-3.6706648377566182, 2.0179650711971187, 3.6054677715621013]","[0.9889882099731827, -0.11889288200158418, -0.08812938378356001, 0.0001218906372334978]","[[0.9844663937132053, 0.020714816047842158, -0.17434682688658473], [0.02119700966036235, 0.9717289355040601, 0.2351458328051024], [0.1742888591699859, -0.2351888013920959, 0.9561953886465749]]","[0.8078896864617948, -1.0001379564434834, -0.1937709706373931]","[0.0, 0.0, 0.0]","[54.103765433706535, 59.42944009586873, 55.20874974942546, 63.447887138050206]"
0.2600000000000001,"[0.9871672775196703, 0.05092979603260701, 0.0679054420077251]","[0.4632960351198614, 0.8862035792312148, 1.0360540187462608]","[-0.2148824328795135, 0.5834649496406344, 0.6541636952850821]","[-3.7121208721303525, 1.940649893826447, 3.5829414344846873]","[0.9890028212686884, -0.11685178419751109, -0.09065906525303971, 0.00011806726070034962]","[[0.983561839895134, 0.02095380934912832, -0.1793517353578131], [0.02142088476485677, 0.9726912931799605, 0.23111208074825268], [0.17929654987754048, -0.231154896218221, 0.9562531888346067]]","[0.8572672896792255, -0.9880590949645686, -0.19693550913617505]","[0.0, 0.0, 0.0]","[54.26550781912915, 59.29116519865746, 55.45223994341585, 63.121574174603055]"
0.2650000000000001,"[0.9860928653552727, 0.05384712078081018, 0.0711762604841505]","[0.4446351791849271, 0.895711760239413, 1.0539115909933554]","[-0.22700613638770722, 0.5990875157594601, 0.6697538846708523]","[-3.751948647602829, 1.8624834832732644, 3.560022187502902]","[0.9890239625833588, -0.11468663098737204, -0.09315881651353711, 0.00011408099971347808]","[[0.9826428437826453, 0.02114248394063247, -0.18429877084662263], [0.021593799310200855, 0.9736939273165839, 0.22683439716709228], [0.1842464365845554, -0.2268769077707722, 0.9563368231571271]]","[0.9041563752457681, -0.9750385373771489, -0.1998956674227436]","[0.0, 0.0, 0.0]","[54.42042376052777, 59.151483011905746, 55.6849722305654, 62.799337738795046]"
0.27000000000000013,"[0.9849578346733342, 0.05684255835960748, 0.07452502990750476]","[0.42577929156507227, 0.9048270524660197, 1.0716535899579935]","[-0.23945096011305403, 0.6144045690128378, 0.6852807840803077]","[-3.7901306943954047, 1.7835001259086634, 3.5367125439704536]","[0.9890505840192026, -0.11240358185818099, -0.09562617290894376, 0.0001099614226242303]","[[0.9817112459265489, 0.021279933890177904, -0.18918296444176252], [0.021714963527242212, 0.9747308453878738, 0.22232462618534196], [0.1891335242106858, -0.22236668694539466, 0.9564421396804803]]","[0.9486422630381155, -0.9611151763728064, -0.20265617963943314]","[0.0, 0.0, 0.0]","[54.56768699824857, 59.01130510308728, 55.90633938715552, 62.482248425268956]"
0.27500000000000013,"[0.9837605798727689, 0.05991458120467166, 0.0779514338279063]","[0.40673664307579976, 0.9135454576426011, 1.0892780700300546]","[-0.25221089394777285, 0.6293998278530006, 0.7007404953805378]","[-3.8266502646004277, 1.7037344664436083, 3.513015060052431]","[0.98908168363279, -0.11000859054578226, -0.09805876772566223, 0.00010573731808632927]","[[0.9807689337834883, 0.021365447967121403, -0.1939995261807709], [0.021783779345503972, 0.9757961976514999, 0.21759422695995675], [0.19395299812744785, -0.2176357008444134, 0.95656517615651]]","[0.9908119868688525, -0.9463265444395074, -0.2052226081399052]","[0.0, 0.0, 0.0]","[54.70656775916647, 58.87147797214668, 56.11582843504078, 62.171272694649886]"
